1,1 1,2 1,3 1,4 1,5 1,6 1,7 2,1 2,2 2,3 3,1 3,2 3,3 3,4 4,1 4,2 4,3 4,4 4,5
y
x y z + - * / log sin cos tan ( ) [ ] { } =
1,1 x 1,2
1,1 y 1,2
1,1 z 1,2
1,1 log 1,1
1,1 sin 1,1
1,1 cos 1,1
1,1 tan 1,1
1,1 ( 1,3
1,1 [ 1,6
1,1 { 1,7
1,2 = 1,5
1,2 + 1,1
1,2 - 1,1
1,2 * 1,1
1,2 / 1,1
1,3 2 STACK 1,4
1,4 = 1,5
1,4 * 1,1
1,4 + 1,1
1,4 - 1,1
1,4 / 1,1
1,5 RETURN
1,6 3 STACK 1,4
1,7 4 STACK 1,4
2,1 x 2,2
2,1 y 2,2
2,1 z 2,2
2,1 log 2,1
2,1 sin 2,1
2,1 cos 2,1
2,1 tan 2,1
2,2 + 2,1
2,2 * 2,1
2,2 - 2,1
2,2 / 2,1
2,2 ) 2,3
2,3 RETURN
3,1 x 3,2
3,1 y 3,2
3,1 z 3,2
3,1 log 3,1
3,1 sin 3,1
3,1 cos 3,1
3,1 tan 3,1
3,1 ( 3,4
3,2 + 3,1
3,2 * 3,1
3,2 - 3,1
3,2 / 3,1
3,2 ] 3,3
3,3 RETURN
3,4 2 STACK 3,2
4,1 x 4,2
4,1 y 4,2
4,1 z 4,2
4,1 log 4,1
4,1 sin 4,1
4,1 cos 4,1
4,1 tan 4,1
4,1 { 4,4
4,1 [ 4,5
4,2 + 4,1
4,2 * 4,1
4,2 - 4,1
4,2 / 4,1
4,2 } 4,3
4,3 RETURN
4,4 4 STACK 4,2
4,5 3 STACK 4,2
